40230,1.088743E+02,,8.058900E+01,-3.770486E+02,,7.820428E-04,-7.794147E+00,,6.077244E+00
40240,9.162136E+00,,4.098351E+00,-3.998422E+02,,6.088939E-04,-2.020761E+00,,8.225697E-01
40250,-1.082600E+02,-1.049881E+02,-3.572242E+02,,9.042356E-04,-9.311290E+00,-4.370699E+00
40390,-8.154844E+01,,4.526220E+01,-1.871133E+02,-3.218763E-04,-1.010220E+01,,4.386133E+00
40710,8.142022E+01,,4.522420E+01,-1.869396E+02,,3.220228E-04,-1.009370E+01,,4.384933E+00
40740,-2.885707E+02,,2.453161E+01,-7.137909E+01,,1.096593E-04,,1.957784E+01,,7.417714E-01
40750,1.083323E+02,-1.052955E+02,-3.571799E+02,-9.054469E-04,-9.306701E+00,-4.383255E+00
40760,-9.049695E+00,,3.970073E+00,-3.998743E+02,-6.092107E-04,-2.020538E+00,,8.092759E-01
40230,2.298669E+02,-1.382756E+02,,6.123383E+01,-3.658340E-04,-7.170065E+00,,1.764019E+01
40240,1.067925E+02,-1.381433E+02,-2.290717E+00,-8.499317E-05,-3.661436E-01,,1.464232E+01
40250,2.187602E+02,-2.171776E+02,-6.348820E+01,,4.601984E-04,,5.271965E+00,,1.665348E+01
40390,-6.212664E+01,-3.711588E+02,,3.246411E+01,,3.066437E-04,-6.373483E+00,,6.187859E+00
40710,6.199638E+01,-3.712410E+02,,3.246894E+01,-3.062492E-04,-6.360813E+00,,6.184712E+00
40740,1.112436E+01,,5.279138E+02,-2.783773E+01,,9.602867E-04,-9.432699E-01,,8.793989E+00
40750,-2.187305E+02,-2.170707E+02,-6.381891E+01,-4.613922E-04,,5.289937E+00,,1.664234E+01
40760,-1.065462E+02,-1.379911E+02,-2.297194E+00,,8.468163E-05,-3.626186E-01,,1.461765E+01
40230,5.470942E+02,,3.158075E+02,,9.863273E+01,,2.650856E-05,-1.605901E+01,,3.037828E+01
40240,3.972509E+02,,2.509991E+02,,5.734479E+01,-3.779570E-04,-1.115080E-02,,2.190620E+01
40250,6.406195E+02,,3.533982E+02,-7.468546E+01,-3.514898E-04,,2.406235E+01,,3.150320E+01
40390,4.148153E+02,-1.276346E+02,-1.837768E+02,,5.305640E-04,,2.325477E+01,-9.951983E+00
40710,4.145104E+02,,1.276697E+02,,1.838560E+02,,5.307407E-04,-2.324409E+01,,9.936270E+00
40740,1.016927E+03,,5.304570E+01,-4.665743E+02,,4.307699E-04,-5.952743E+01,,6.881561E-01
40750,6.409030E+02,-3.534462E+02,,7.493984E+01,-3.526435E-04,-2.407020E+01,-3.152183E+01
40760,3.975810E+02,-2.510264E+02,-5.733549E+01,-3.783340E-04,,1.166028E-02,-2.191313E+01
